troponin_x_breaks_lab <- c(0.001, 0.01, 0.1, 1, 10)
ck_mb_x_breaks_lab <- c(0.3, 3, 30, 300)
